000000000000
000100000000
000200000000
000300000000
000400000000
000500000000
000600000000
000700000000
000800000000
000900000000
001000000000
001100000000
001200000000
001300000000
001400000000
001500000000
001600000000
001700000000
001800000000
001900000000
002000000000
002100000000
002200000000
002300000000
002400000000
002500000000
002600000000
002700000000
002800000000
002900000000
003000000000
003100000000
003200000000
003300000000
003400000000
003500000000
003600000000
003700000000
003800000000
003900000000
004000000000
004100000000
004200000000
004300000000
004400000000
004500000000
004600000000
004700000000
004800000000
004900000000
005000000000
005100000000
005200000000
005300000000
005400000000
005500000000
005600000000
005700000000
005800000000
005900000000
006000000000
006100000000
006200000000
006300000000
006400000000
006500000000
006600000000
006700000000
006800000000
006900000000
007000000000
007100000000
007200000000
007300000000
007400000000
007500000000
007600000000
007700000000
007800000000
007900000000
008000000000
008100000000
008200000000
008300000000
008400000000
008500000000
008600000000
008700000000
008800000000
008900000000
009000000000
009100000000
009200000000
009300000000
009400000000
009500000000
009600000000
009700000000
009800000000
009900000000
010000000000
010100000000
010200000000
010300000000
010400000000
010500000000
010600000000
010700000000
010800000000
010900000000
011000000000
011100000000
011200000000
011300000000
011400000000
011500000000
011600000000
011700000000
011800000000
011900000000
012000000000
012100000000
012200000000
012300000000
012400000000
012500000000
012600000000
012700000000
012800000000
012900000000
013000000000
013100000000
013200000000
013300000000
013400000000
013500000000
013600000000
013700000000
013800000000
013900000000
014000000000
014100000000
014200000000
014300000000
014400000000
014500000000
014600000000
014700000000
014800000000
014900000000
015000000000
015100000000
015200000000
015300000000
015400000000
015500000000
015600000000
015700000000
015800000000
015900000000
016000000000
016100000000
016200000000
016300000000
016400000000
016500000000
016600000000
016700000000
016800000000
016900000000
017000000000
017100000000
017200000000
017300000000
017400000000
017500000000
017600000000
017700000000
017800000000
017900000000
018000000000
018100000000
018200000000
018300000000
018400000000
018500000000
018600000000
018700000000
018800000000
018900000000
019000000000
019100000000
019200000000
019300000000
019400000000
019500000000
019600000000
019700000000
019800000000
019900000000
020000000000
020100000000
020200000000
020300000000
020400000000
020500000000
020600000000
020700000000
020800000000
020900000000
021000000000
021100000000
021200000000
021300000000
021400000000
021500000000
021600000000
021700000000
021800000000
021900000000
022000000000
022100000000
022200000000
022300000000
022400000000
022500000000
022600000000
022700000000
022800000000
022900000000
023000000000
023100000000
023200000000
023300000000
023400000000
023500000000
023600000000
023700000000
023800000000
023900000000
024000000000
024100000000
024200000000
024300000000
024400000000
024500000000
024600000000
024700000000
024800000000
024900000000
025000000000
025100000000
025200000000
025300000000
025400000000
025500000000
025600000000
025700000000
025800000000
025900000000
026000000000
026100000000
026200000000
026300000000
026400000000
026500000000
026600000000
026700000000
026800000000
026900000000
027000000000
027100000000
027200000000
027300000000
027400000000
027500000000
027600000000
027700000000
027800000000
027900000000
028000000000
028100000000
028200000000
028300000000
028400000000
028500000000
028600000000
028700000000
028800000000
028900000000
029000000000
029100000000
029200000000
029300000000
029400000000
029500000000
029600000000
029700000000
029800000000
029900000000
030000000000
030100000000
030200000000
030300000000
030400000000
030500000000
030600000000
030700000000
030800000000
030900000000
031000000000
031100000000
031200000000
031300000000
031400000000
031500000000
031600000000
031700000000
031800000000
031900000000
032000000000
032100000000
032200000000
032300000000
032400000000
032500000000
032600000000
032700000000
032800000000
032900000000
033000000000
033100000000
033200000000
033300000000
033400000000
033500000000
033600000000
033700000000
033800000000
033900000000
034000000000
034100000000
034200000000
034300000000
034400000000
034500000000
034600000000
034700000000
034800000000
034900000000
035000000000
035100000000
035200000000
035300000000
035400000000
035500000000
035600000000
035700000000
035800000000
035900000000
036000000000
036100000000
036200000000
036300000000
036400000000
036500000000
036600000000
036700000000
036800000000
036900000000
037000000000
037100000000
037200000000
037300000000
037400000000
037500000000
037600000000
037700000000
037800000000
037900000000
038000000000
038100000000
038200000000
038300000000
038400000000
038500000000
038600000000
038700000000
038800000000
038900000000
039000000000
039100000000
039200000000
039300000000
039400000000
039500000000
039600000000
039700000000
039800000000
039900000000
040000000000
040100000000
040200000000
040300000000
040400000000
040500000000
040600000000
040700000000
040800000000
040900000000
041000000000
041100000000
041200000000
041300000000
041400000000
041500000000
041600000000
041700000000
041800000000
041900000000
042000000000
042100000000
042200000000
042300000000
042400000000
042500000000
042600000000
042700000000
042800000000
042900000000
043000000000
043100000000
043200000000
043300000000
043400000000
043500000000
043600000000
043700000000
043800000000
043900000000
044000000000
044100000000
044200000000
044300000000
044400000000
044500000000
044600000000
044700000000
044800000000
044900000000
045000000000
045100000000
045200000000
045300000000
045400000000
045500000000
045600000000
045700000000
045800000000
045900000000
046000000000
046100000000
046200000000
046300000000
046400000000
046500000000
046600000000
046700000000
046800000000
046900000000
047000000000
047100000000
047200000000
047300000000
047400000000
047500000000
047600000000
047700000000
047800000000
047900000000
048000000000
048100000000
048200000000
048300000000
048400000000
048500000000
048600000000
048700000000
048800000000
048900000000
049000000000
049100000000
049200000000
049300000000
049400000000
049500000000
049600000000
049700000000
049800000000
049900000000
050000000000
050100000000
050200000000
050300000000
050400000000
050500000000
050600000000
050700000000
050800000000
050900000000
051000000000
051100000000
051200000000
051300000000
051400000000
051500000000
051600000000
051700000000
051800000000
051900000000
052000000000
052100000000
052200000000
052300000000
052400000000
052500000000
052600000000
052700000000
052800000000
052900000000
053000000000
053100000000
053200000000
053300000000
053400000000
053500000000
053600000000
053700000000
053800000000
053900000000
054000000000
054100000000
054200000000
054300000000
054400000000
054500000000
054600000000
054700000000
054800000000
054900000000
055000000000
055100000000
055200000000
055300000000
055400000000
055500000000
055600000000
055700000000
055800000000
055900000000
056000000000
056100000000
056200000000
056300000000
056400000000
056500000000
056600000000
056700000000
056800000000
056900000000
057000000000
057100000000
057200000000
057300000000
057400000000
057500000000
057600000000
057700000000
057800000000
057900000000
058000000000
058100000000
058200000000
058300000000
058400000000
058500000000
058600000000
058700000000
058800000000
058900000000
059000000000
059100000000
059200000000
059300000000
059400000000
059500000000
059600000000
059700000000
059800000000
059900000000
060000000000
060100000000
060200000000
060300000000
060400000000
060500000000
060600000000
060700000000
060800000000
060900000000
061000000000
061100000000
061200000000
061300000000
061400000000
061500000000
061600000000
061700000000
061800000000
061900000000
062000000000
062100000000
062200000000
062300000000
062400000000
062500000000
062600000000
062700000000
062800000000
062900000000
063000000000
063100000000
063200000000
063300000000
063400000000
063500000000
063600000000
063700000000
063800000000
063900000000
064000000000
064100000000
064200000000
064300000000
064400000000
064500000000
064600000000
064700000000
064800000000
064900000000
065000000000
065100000000
065200000000
065300000000
065400000000
065500000000
065600000000
065700000000
065800000000
065900000000
066000000000
066100000000
066200000000
066300000000
066400000000
066500000000
066600000000
066700000000
066800000000
066900000000
067000000000
067100000000
067200000000
067300000000
067400000000
067500000000
067600000000
067700000000
067800000000
067900000000
068000000000
068100000000
068200000000
068300000000
068400000000
068500000000
068600000000
068700000000
068800000000
068900000000
069000000000
069100000000
069200000000
069300000000
069400000000
069500000000
069600000000
069700000000
069800000000
069900000000
070000000000
070100000000
070200000000
070300000000
070400000000
070500000000
070600000000
070700000000
070800000000
070900000000
071000000000
071100000000
071200000000
071300000000
071400000000
071500000000
071600000000
071700000000
071800000000
071900000000
072000000000
072100000000
072200000000
072300000000
072400000000
072500000000
072600000000
072700000000
072800000000
072900000000
073000000000
073100000000
073200000000
073300000000
073400000000
073500000000
073600000000
073700000000
073800000000
073900000000
074000000000
074100000000
074200000000
074300000000
074400000000
074500000000
074600000000
074700000000
074800000000
074900000000
075000000000
075100000000
075200000000
075300000000
075400000000
075500000000
075600000000
075700000000
075800000000
075900000000
076000000000
076100000000
076200000000
076300000000
076400000000
076500000000
076600000000
076700000000
076800000000
076900000000
077000000000
077100000000
077200000000
077300000000
077400000000
077500000000
077600000000
077700000000
077800000000
077900000000
078000000000
078100000000
078200000000
078300000000
078400000000
078500000000
078600000000
078700000000
078800000000
078900000000
079000000000
079100000000
079200000000
079300000000
079400000000
079500000000
079600000000
079700000000
079800000000
079900000000
080000000000
080100000000
080200000000
080300000000
080400000000
080500000000
080600000000
080700000000
080800000000
080900000000
081000000000
081100000000
081200000000
081300000000
081400000000
081500000000
081600000000
081700000000
081800000000
081900000000
082000000000
082100000000
082200000000
082300000000
082400000000
082500000000
082600000000
082700000000
082800000000
082900000000
083000000000
083100000000
083200000000
083300000000
083400000000
083500000000
083600000000
083700000000
083800000000
083900000000
084000000000
084100000000
084200000000
084300000000
084400000000
084500000000
084600000000
084700000000
084800000000
084900000000
085000000000
085100000000
085200000000
085300000000
085400000000
085500000000
085600000000
085700000000
085800000000
085900000000
086000000000
086100000000
086200000000
086300000000
086400000000
086500000000
086600000000
086700000000
086800000000
086900000000
087000000000
087100000000
087200000000
087300000000
087400000000
087500000000
087600000000
087700000000
087800000000
087900000000
088000000000
088100000000
088200000000
088300000000
088400000000
088500000000
088600000000
088700000000
088800000000
088900000000
089000000000
089100000000
089200000000
089300000000
089400000000
089500000000
089600000000
089700000000
089800000000
089900000000
090000000000
090100000000
090200000000
090300000000
090400000000
090500000000
090600000000
090700000000
090800000000
090900000000
091000000000
091100000000
091200000000
091300000000
091400000000
091500000000
091600000000
091700000000
091800000000
091900000000
092000000000
092100000000
092200000000
092300000000
092400000000
092500000000
092600000000
092700000000
092800000000
092900000000
093000000000
093100000000
093200000000
093300000000
093400000000
093500000000
093600000000
093700000000
093800000000
093900000000
094000000000
094100000000
094200000000
094300000000
094400000000
094500000000
094600000000
094700000000
094800000000
094900000000
095000000000
095100000000
095200000000
095300000000
095400000000
095500000000
095600000000
095700000000
095800000000
095900000000
096000000000
096100000000
096200000000
096300000000
096400000000
096500000000
096600000000
096700000000
096800000000
096900000000
097000000000
097100000000
097200000000
097300000000
097400000000
097500000000
097600000000
097700000000
097800000000
097900000000
098000000000
098100000000
098200000000
098300000000
098400000000
098500000000
098600000000
098700000000
098800000000
098900000000
099000000000
099100000000
099200000000
099300000000
099400000000
099500000000
099600000000
099700000000
099800000000
099900000000
100000000000
100100000000
100200000000
100300000000
100400000000
100500000000
100600000000
100700000000
100800000000
100900000000
101000000000
101100000000
101200000000
101300000000
101400000000
101500000000
101600000000
101700000000
101800000000
101900000000
102000000000
102100000000
102200000000
102300000000
102400000000
102500000000
102600000000
102700000000
102800000000
102900000000
103000000000
103100000000
103200000000
103300000000
103400000000
103500000000
103600000000
103700000000
103800000000
103900000000
104000000000
104100000000
104200000000
104300000000
104400000000
104500000000
104600000000
104700000000
104800000000
104900000000
105000000000
105100000000
105200000000
105300000000
105400000000
105500000000
105600000000
105700000000
105800000000
105900000000
106000000000
106100000000
106200000000
106300000000
106400000000
106500000000
106600000000
106700000000
106800000000
106900000000
107000000000
107100000000
107200000000
107300000000
107400000000
107500000000
107600000000
107700000000
107800000000
107900000000
108000000000
108100000000
108200000000
108300000000
108400000000
108500000000
108600000000
108700000000
108800000000
108900000000
109000000000
109100000000
109200000000
109300000000
109400000000
109500000000
109600000000
109700000000
109800000000
109900000000
110000000000
110100000000
110200000000
110300000000
110400000000
110500000000
110600000000
110700000000
110800000000
110900000000
111000000000
111100000000
111200000000
111300000000
111400000000
111500000000
111600000000
111700000000
111800000000
111900000000
112000000000
112100000000
112200000000
112300000000
112400000000
112500000000
112600000000
112700000000
112800000000
112900000000
113000000000
113100000000
113200000000
113300000000
113400000000
113500000000
113600000000
113700000000
113800000000
113900000000
114000000000
114100000000
114200000000
114300000000
114400000000
114500000000
114600000000
114700000000
114800000000
114900000000
115000000000
115100000000
115200000000
115300000000
115400000000
115500000000
115600000000
115700000000
115800000000
115900000000
116000000000
116100000000
116200000000
116300000000
116400000000
116500000000
116600000000
116700000000
116800000000
116900000000
117000000000
117100000000
117200000000
117300000000
117400000000
117500000000
117600000000
117700000000
117800000000
117900000000
118000000000
118100000000
118200000000
118300000000
118400000000
118500000000
118600000000
118700000000
118800000000
118900000000
119000000000
119100000000
119200000000
119300000000
119400000000
119500000000
119600000000
119700000000
119800000000
119900000000
120000000000
120100000000
120200000000
120300000000
120400000000
120500000000
120600000000
120700000000
120800000000
120900000000
121000000000
121100000000
121200000000
121300000000
121400000000
121500000000
121600000000
121700000000
121800000000
121900000000
122000000000
122100000000
122200000000
122300000000
122400000000
122500000000
122600000000
122700000000
122800000000
122900000000
123000000000
123100000000
123200000000
123300000000
123400000000
123500000000
123600000000
123700000000
123800000000
123900000000
124000000000
124100000000
124200000000
124300000000
124400000000
124500000000
124600000000
124700000000
124800000000
124900000000
125000000000
125100000000
125200000000
125300000000
125400000000
125500000000
125600000000
125700000000
125800000000
125900000000
126000000000
126100000000
126200000000
126300000000
126400000000
126500000000
126600000000
126700000000
126800000000
126900000000
127000000000
127100000000
127200000000
127300000000
127400000000
127500000000
127600000000
127700000000
127800000000
127900000000
128000000000
128100000000
128200000000
128300000000
128400000000
128500000000
128600000000
128700000000
128800000000
128900000000
129000000000
129100000000
129200000000
129300000000
129400000000
129500000000
129600000000
129700000000
129800000000
129900000000
130000000000
130100000000
130200000000
130300000000
130400000000
130500000000
130600000000
130700000000
130800000000
130900000000
131000000000
131100000000
131200000000
131300000000
131400000000
131500000000
131600000000
131700000000
131800000000
131900000000
132000000000
132100000000
132200000000
132300000000
132400000000
132500000000
132600000000
132700000000
132800000000
132900000000
133000000000
133100000000
133200000000
133300000000
133400000000
133500000000
133600000000
133700000000
133800000000
133900000000
134000000000
134100000000
134200000000
134300000000
134400000000
134500000000
134600000000
134700000000
134800000000
134900000000
135000000000
135100000000
135200000000
135300000000
135400000000
135500000000
135600000000
135700000000
135800000000
135900000000
136000000000
136100000000
136200000000
136300000000
136400000000
136500000000
136600000000
136700000000
136800000000
136900000000
137000000000
137100000000
137200000000
137300000000
137400000000
137500000000
137600000000
137700000000
137800000000
137900000000
138000000000
138100000000
138200000000
138300000000
138400000000
138500000000
138600000000
138700000000
138800000000
138900000000
139000000000
139100000000
139200000000
139300000000
139400000000
139500000000
139600000000
139700000000
139800000000
139900000000
140000000000
140100000000
140200000000
140300000000
140400000000
140500000000
140600000000
140700000000
140800000000
140900000000
141000000000
141100000000
141200000000
141300000000
141400000000
141500000000
141600000000
141700000000
141800000000
141900000000
142000000000
142100000000
142200000000
142300000000
142400000000
142500000000
142600000000
142700000000
142800000000
142900000000
143000000000
143100000000
143200000000
143300000000
143400000000
143500000000
143600000000
143700000000
143800000000
143900000000
144000000000
144100000000
144200000000
144300000000
144400000000
144500000000
144600000000
144700000000
144800000000
144900000000
145000000000
145100000000
145200000000
145300000000
145400000000
145500000000
145600000000
145700000000
145800000000
145900000000
146000000000
146100000000
146200000000
146300000000
146400000000
146500000000
146600000000
146700000000
146800000000
146900000000
147000000000
147100000000
147200000000
147300000000
147400000000
147500000000
147600000000
147700000000
147800000000
147900000000
148000000000
148100000000
148200000000
148300000000
148400000000
148500000000
148600000000
148700000000
148800000000
148900000000
149000000000
149100000000
149200000000
149300000000
149400000000
149500000000
149600000000
149700000000
149800000000
149900000000
150000000000
150100000000
150200000000
150300000000
150400000000
150500000000
150600000000
150700000000
150800000000
150900000000
151000000000
151100000000
151200000000
151300000000
151400000000
151500000000
151600000000
151700000000
151800000000
151900000000
152000000000
152100000000
152200000000
152300000000
152400000000
152500000000
152600000000
152700000000
152800000000
152900000000
153000000000
153100000000
153200000000
153300000000
153400000000
153500000000
153600000000
153700000000
153800000000
153900000000
154000000000
154100000000
154200000000
154300000000
154400000000
154500000000
154600000000
154700000000
154800000000
154900000000
155000000000
155100000000
155200000000
155300000000
155400000000
155500000000
155600000000
155700000000
155800000000
155900000000
156000000000
156100000000
156200000000
156300000000
156400000000
156500000000
156600000000
156700000000
156800000000
156900000000
157000000000
157100000000
157200000000
157300000000
157400000000
157500000000
157600000000
157700000000
157800000000
157900000000
158000000000
158100000000
158200000000
158300000000
158400000000
158500000000
158600000000
158700000000
158800000000
158900000000
159000000000
159100000000
159200000000
159300000000
159400000000
159500000000
159600000000
159700000000
159800000000
159900000000
160000000000
160100000000
160200000000
160300000000
160400000000
160500000000
160600000000
160700000000
160800000000
160900000000
161000000000
161100000000
161200000000
161300000000
161400000000
161500000000
161600000000
161700000000
161800000000
161900000000
162000000000
162100000000
162200000000
162300000000
162400000000
162500000000
162600000000
162700000000
162800000000
162900000000
163000000000
163100000000
163200000000
163300000000
163400000000
163500000000
163600000000
163700000000
163800000000
163900000000
164000000000
164100000000
164200000000
164300000000
164400000000
164500000000
164600000000
164700000000
164800000000
164900000000
165000000000
165100000000
165200000000
165300000000
165400000000
165500000000
165600000000
165700000000
165800000000
165900000000
166000000000
166100000000
166200000000
166300000000
166400000000
166500000000
166600000000
166700000000
166800000000
166900000000
167000000000
167100000000
167200000000
167300000000
167400000000
167500000000
167600000000
167700000000
167800000000
167900000000
168000000000
168100000000
168200000000
168300000000
168400000000
168500000000
168600000000
168700000000
168800000000
168900000000
169000000000
169100000000
169200000000
169300000000
169400000000
169500000000
169600000000
169700000000
169800000000
169900000000
170000000000
170100000000
170200000000
170300000000
170400000000
170500000000
170600000000
170700000000
170800000000
170900000000
171000000000
171100000000
171200000000
171300000000
171400000000
171500000000
171600000000
171700000000
171800000000
171900000000
172000000000
172100000000
172200000000
172300000000
172400000000
172500000000
172600000000
172700000000
172800000000
172900000000
173000000000
173100000000
173200000000
173300000000
173400000000
173500000000
173600000000
173700000000
173800000000
173900000000
174000000000
174100000000
174200000000
174300000000
174400000000
174500000000
174600000000
174700000000
174800000000
174900000000
175000000000
175100000000
175200000000
175300000000
175400000000
175500000000
175600000000
175700000000
175800000000
175900000000
176000000000
176100000000
176200000000
176300000000
176400000000
176500000000
176600000000
176700000000
176800000000
176900000000
177000000000
177100000000
177200000000
177300000000
177400000000
177500000000
177600000000
177700000000
177800000000
177900000000
178000000000
178100000000
178200000000
178300000000
178400000000
178500000000
178600000000
178700000000
178800000000
178900000000
179000000000
179100000000
179200000000
179300000000
179400000000
179500000000
179600000000
179700000000
179800000000
179900000000
180000000000
180100000000
180200000000
180300000000
180400000000
180500000000
180600000000
180700000000
180800000000
180900000000
181000000000
181100000000
181200000000
181300000000
181400000000
181500000000
181600000000
181700000000
181800000000
181900000000
182000000000
182100000000
182200000000
182300000000
182400000000
182500000000
182600000000
182700000000
182800000000
182900000000
183000000000
183100000000
183200000000
183300000000
183400000000
183500000000
183600000000
183700000000
183800000000
183900000000
184000000000
184100000000
184200000000
184300000000
184400000000
184500000000
184600000000
184700000000
184800000000
184900000000
185000000000
185100000000
185200000000
185300000000
185400000000
185500000000
185600000000
185700000000
185800000000
185900000000
186000000000
186100000000
186200000000
186300000000
186400000000
186500000000
186600000000
186700000000
186800000000
186900000000
187000000000
187100000000
187200000000
187300000000
187400000000
187500000000
187600000000
187700000000
187800000000
187900000000
188000000000
188100000000
188200000000
188300000000
188400000000
188500000000
188600000000
188700000000
188800000000
188900000000
189000000000
189100000000
189200000000
189300000000
189400000000
189500000000
189600000000
189700000000
189800000000
189900000000
190000000000
190100000000
190200000000
190300000000
190400000000
190500000000
190600000000
190700000000
190800000000
190900000000
191000000000
191100000000
191200000000
191300000000
191400000000
191500000000
191600000000
191700000000
191800000000
191900000000
192000000000
192100000000
192200000000
192300000000
192400000000
192500000000
192600000000
192700000000
192800000000
192900000000
193000000000
193100000000
193200000000
193300000000
193400000000
193500000000
193600000000
193700000000
193800000000
193900000000
194000000000
194100000000
194200000000
194300000000
194400000000
194500000000
194600000000
194700000000
194800000000
194900000000
195000000000
195100000000
195200000000
195300000000
195400000000
195500000000
195600000000
195700000000
195800000000
195900000000
196000000000
196100000000
196200000000
196300000000
196400000000
196500000000
196600000000
196700000000
196800000000
196900000000
197000000000
197100000000
197200000000
197300000000
197400000000
197500000000
197600000000
197700000000
197800000000
197900000000
198000000000
198100000000
198200000000
198300000000
198400000000
198500000000
198600000000
198700000000
198800000000
198900000000
199000000000
199100000000
199200000000
199300000000
199400000000
199500000000
199600000000
199700000000
199800000000
199900000000
200000000000
200100000000
200200000000
200300000000
200400000000
200500000000
200600000000
200700000000
200800000000
200900000000
201000000000
201100000000
201200000000
201300000000
201400000000
201500000000
201600000000
201700000000
201800000000
201900000000
202000000000
202100000000
202200000000
202300000000
202400000000
202500000000
202600000000
202700000000
202800000000
202900000000
203000000000
203100000000
203200000000
203300000000
203400000000
203500000000
203600000000
203700000000
203800000000
203900000000
204000000000
204100000000
204200000000
204300000000
204400000000
204500000000
204600000000
204700000000
204800000000
