000000000000
000100000000
000200000000
000300000000
000400000000
000500000000
000600000000
000700000000
000800000000
000900000000
001000000000
001100000000
001200000000
001300000000
001400000000
001500000000
001600000000
001700000000
001800000000
001900000000
002000000000
002100000000
002200000000
002300000000
002400000000
002500000000
002600000000
002700000000
002800000000
002900000000
003000000000
003100000000
003200000000
003300000000
003400000000
003500000000
003600000000
003700000000
003800000000
003900000000
004000000000
004100000000
004200000000
004300000000
004400000000
004500000000
004600000000
004700000000
004800000000
004900000000
005000000000
005100000000
005200000000
005300000000
005400000000
005500000000
005600000000
005700000000
005800000000
005900000000
006000000000
006100000000
006200000000
006300000000
006400000000
006500000000
006600000000
006700000000
006800000000
006900000000
007000000000
007100000000
007200000000
007300000000
007400000000
007500000000
007600000000
007700000000
007800000000
007900000000
008000000000
008100000000
008200000000
008300000000
008400000000
008500000000
008600000000
008700000000
008800000000
008900000000
009000000000
009100000000
009200000000
009300000000
009400000000
009500000000
009600000000
009700000000
009800000000
009900000000
010000000000
010100000000
010200000000
010300000000
010400000000
010500000000
010600000000
010700000000
010800000000
010900000000
011000000000
011100000000
011200000000
011300000000
011400000000
011500000000
011600000000
011700000000
011800000000
011900000000
012000000000
012100000000
012200000000
012300000000
012400000000
012500000000
012600000000
012700000000
012800000000
012900000000
013000000000
013100000000
013200000000
013300000000
013400000000
013500000000
013600000000
013700000000
013800000000
013900000000
014000000000
014100000000
014200000000
014300000000
014400000000
014500000000
014600000000
014700000000
014800000000
014900000000
015000000000
015100000000
015200000000
015300000000
015400000000
015500000000
015600000000
015700000000
015800000000
015900000000
016000000000
016100000000
016200000000
016300000000
016400000000
016500000000
016600000000
016700000000
016800000000
016900000000
017000000000
017100000000
017200000000
017300000000
017400000000
017500000000
017600000000
017700000000
017800000000
017900000000
018000000000
018100000000
018200000000
018300000000
018400000000
018500000000
018600000000
018700000000
018800000000
018900000000
019000000000
019100000000
019200000000
019300000000
019400000000
019500000000
019600000000
019700000000
019800000000
019900000000
020000000000
020100000000
020200000000
020300000000
020400000000
020500000000
020600000000
020700000000
020800000000
020900000000
021000000000
021100000000
021200000000
021300000000
021400000000
021500000000
021600000000
021700000000
021800000000
021900000000
022000000000
022100000000
022200000000
022300000000
022400000000
022500000000
022600000000
022700000000
022800000000
022900000000
023000000000
023100000000
023200000000
023300000000
023400000000
023500000000
023600000000
023700000000
023800000000
023900000000
024000000000
024100000000
024200000000
024300000000
024400000000
024500000000
024600000000
024700000000
024800000000
024900000000
025000000000
025100000000
025200000000
025300000000
025400000000
025500000000
025600000000
025700000000
025800000000
025900000000
026000000000
026100000000
026200000000
026300000000
026400000000
026500000000
026600000000
026700000000
026800000000
026900000000
027000000000
027100000000
027200000000
027300000000
027400000000
027500000000
027600000000
027700000000
027800000000
027900000000
028000000000
028100000000
028200000000
028300000000
028400000000
028500000000
028600000000
028700000000
028800000000
028900000000
029000000000
029100000000
029200000000
029300000000
029400000000
029500000000
029600000000
029700000000
029800000000
029900000000
030000000000
030100000000
030200000000
030300000000
030400000000
030500000000
030600000000
030700000000
030800000000
030900000000
031000000000
031100000000
031200000000
031300000000
031400000000
031500000000
031600000000
031700000000
031800000000
031900000000
032000000000
032100000000
032200000000
032300000000
032400000000
032500000000
032600000000
032700000000
032800000000
032900000000
033000000000
033100000000
033200000000
033300000000
033400000000
033500000000
033600000000
033700000000
033800000000
033900000000
034000000000
034100000000
034200000000
034300000000
034400000000
034500000000
034600000000
034700000000
034800000000
034900000000
035000000000
035100000000
035200000000
035300000000
035400000000
035500000000
035600000000
035700000000
035800000000
035900000000
036000000000
036100000000
036200000000
036300000000
036400000000
036500000000
036600000000
036700000000
036800000000
036900000000
037000000000
037100000000
037200000000
037300000000
037400000000
037500000000
037600000000
037700000000
037800000000
037900000000
038000000000
038100000000
038200000000
038300000000
038400000000
038500000000
038600000000
038700000000
038800000000
038900000000
039000000000
039100000000
039200000000
039300000000
039400000000
039500000000
039600000000
039700000000
039800000000
039900000000
040000000000
040100000000
040200000000
040300000000
040400000000
040500000000
040600000000
040700000000
040800000000
040900000000
041000000000
041100000000
041200000000
041300000000
041400000000
041500000000
041600000000
041700000000
041800000000
041900000000
042000000000
042100000000
042200000000
042300000000
042400000000
042500000000
042600000000
042700000000
042800000000
042900000000
043000000000
043100000000
043200000000
043300000000
043400000000
043500000000
043600000000
043700000000
043800000000
043900000000
044000000000
044100000000
044200000000
044300000000
044400000000
044500000000
044600000000
044700000000
044800000000
044900000000
045000000000
045100000000
045200000000
045300000000
045400000000
045500000000
045600000000
045700000000
045800000000
045900000000
046000000000
046100000000
046200000000
046300000000
046400000000
046500000000
046600000000
046700000000
046800000000
046900000000
047000000000
047100000000
047200000000
047300000000
047400000000
047500000000
047600000000
047700000000
047800000000
047900000000
048000000000
048100000000
048200000000
048300000000
048400000000
048500000000
048600000000
048700000000
048800000000
048900000000
049000000000
049100000000
049200000000
049300000000
049400000000
049500000000
049600000000
049700000000
049800000000
049900000000
050000000000
050100000000
050200000000
050300000000
050400000000
050500000000
050600000000
050700000000
050800000000
050900000000
051000000000
051100000000
051200000000
051300000000
051400000000
051500000000
051600000000
051700000000
051800000000
051900000000
052000000000
052100000000
052200000000
052300000000
052400000000
052500000000
052600000000
052700000000
052800000000
052900000000
053000000000
053100000000
053200000000
053300000000
053400000000
053500000000
053600000000
053700000000
053800000000
053900000000
054000000000
054100000000
054200000000
054300000000
054400000000
054500000000
054600000000
054700000000
054800000000
054900000000
055000000000
055100000000
055200000000
055300000000
055400000000
055500000000
055600000000
055700000000
055800000000
055900000000
056000000000
056100000000
056200000000
056300000000
056400000000
056500000000
056600000000
056700000000
056800000000
056900000000
057000000000
057100000000
057200000000
057300000000
057400000000
057500000000
057600000000
057700000000
057800000000
057900000000
058000000000
058100000000
058200000000
058300000000
058400000000
058500000000
058600000000
058700000000
058800000000
058900000000
059000000000
059100000000
059200000000
059300000000
059400000000
059500000000
059600000000
059700000000
059800000000
059900000000
060000000000
060100000000
060200000000
060300000000
060400000000
060500000000
060600000000
060700000000
060800000000
060900000000
061000000000
061100000000
061200000000
061300000000
061400000000
061500000000
061600000000
061700000000
061800000000
061900000000
062000000000
062100000000
062200000000
062300000000
062400000000
062500000000
062600000000
062700000000
062800000000
062900000000
063000000000
063100000000
063200000000
063300000000
063400000000
063500000000
063600000000
063700000000
063800000000
063900000000
064000000000
064100000000
064200000000
064300000000
064400000000
064500000000
064600000000
064700000000
064800000000
064900000000
065000000000
065100000000
065200000000
065300000000
065400000000
065500000000
065600000000
065700000000
065800000000
065900000000
066000000000
066100000000
066200000000
066300000000
066400000000
066500000000
066600000000
066700000000
066800000000
066900000000
067000000000
067100000000
067200000000
067300000000
067400000000
067500000000
067600000000
067700000000
067800000000
067900000000
068000000000
068100000000
068200000000
068300000000
068400000000
068500000000
068600000000
068700000000
068800000000
068900000000
069000000000
069100000000
069200000000
069300000000
069400000000
069500000000
069600000000
069700000000
069800000000
069900000000
070000000000
070100000000
070200000000
070300000000
070400000000
070500000000
070600000000
070700000000
070800000000
070900000000
071000000000
071100000000
071200000000
071300000000
071400000000
071500000000
071600000000
071700000000
071800000000
071900000000
072000000000
072100000000
072200000000
072300000000
072400000000
072500000000
072600000000
072700000000
072800000000
072900000000
073000000000
073100000000
073200000000
073300000000
073400000000
073500000000
073600000000
073700000000
073800000000
073900000000
074000000000
074100000000
074200000000
074300000000
074400000000
074500000000
074600000000
074700000000
074800000000
074900000000
075000000000
075100000000
075200000000
075300000000
075400000000
075500000000
075600000000
075700000000
075800000000
075900000000
076000000000
076100000000
076200000000
076300000000
076400000000
076500000000
076600000000
076700000000
076800000000
076900000000
077000000000
077100000000
077200000000
077300000000
077400000000
077500000000
077600000000
077700000000
077800000000
077900000000
078000000000
078100000000
078200000000
078300000000
078400000000
078500000000
078600000000
078700000000
078800000000
078900000000
079000000000
079100000000
079200000000
079300000000
079400000000
079500000000
079600000000
079700000000
079800000000
079900000000
080000000000
080100000000
080200000000
080300000000
080400000000
080500000000
080600000000
080700000000
080800000000
080900000000
081000000000
081100000000
081200000000
081300000000
081400000000
081500000000
081600000000
081700000000
081800000000
081900000000
082000000000
082100000000
082200000000
082300000000
082400000000
082500000000
082600000000
082700000000
082800000000
082900000000
083000000000
083100000000
083200000000
083300000000
083400000000
083500000000
083600000000
083700000000
083800000000
083900000000
084000000000
084100000000
084200000000
084300000000
084400000000
084500000000
084600000000
084700000000
084800000000
084900000000
085000000000
085100000000
085200000000
085300000000
085400000000
085500000000
085600000000
085700000000
085800000000
085900000000
086000000000
086100000000
086200000000
086300000000
086400000000
086500000000
086600000000
086700000000
086800000000
086900000000
087000000000
087100000000
087200000000
087300000000
087400000000
087500000000
087600000000
087700000000
087800000000
087900000000
088000000000
088100000000
088200000000
088300000000
088400000000
088500000000
088600000000
088700000000
088800000000
088900000000
089000000000
089100000000
089200000000
089300000000
089400000000
089500000000
089600000000
089700000000
089800000000
089900000000
090000000000
090100000000
090200000000
090300000000
090400000000
090500000000
090600000000
090700000000
090800000000
090900000000
091000000000
091100000000
091200000000
091300000000
091400000000
091500000000
091600000000
091700000000
091800000000
091900000000
092000000000
092100000000
092200000000
092300000000
092400000000
092500000000
092600000000
092700000000
092800000000
092900000000
093000000000
093100000000
093200000000
093300000000
093400000000
093500000000
093600000000
093700000000
093800000000
093900000000
094000000000
094100000000
094200000000
094300000000
094400000000
094500000000
094600000000
094700000000
094800000000
094900000000
095000000000
095100000000
095200000000
095300000000
095400000000
095500000000
095600000000
095700000000
095800000000
095900000000
096000000000
096100000000
096200000000
096300000000
096400000000
096500000000
096600000000
096700000000
096800000000
096900000000
097000000000
097100000000
097200000000
097300000000
097400000000
097500000000
097600000000
097700000000
097800000000
097900000000
098000000000
098100000000
098200000000
098300000000
098400000000
098500000000
098600000000
098700000000
098800000000
098900000000
099000000000
099100000000
099200000000
099300000000
099400000000
099500000000
099600000000
099700000000
099800000000
099900000000
100000000000
100100000000
100200000000
100300000000
100400000000
100500000000
100600000000
100700000000
100800000000
100900000000
101000000000
101100000000
101200000000
101300000000
101400000000
101500000000
101600000000
101700000000
101800000000
101900000000
102000000000
102100000000
102200000000
102300000000
102400000000
102500000000
102600000000
102700000000
102800000000
102900000000
103000000000
103100000000
103200000000
103300000000
103400000000
103500000000
103600000000
103700000000
103800000000
103900000000
104000000000
104100000000
104200000000
104300000000
104400000000
104500000000
104600000000
104700000000
104800000000
104900000000
105000000000
105100000000
105200000000
105300000000
105400000000
105500000000
105600000000
105700000000
105800000000
105900000000
106000000000
106100000000
106200000000
106300000000
106400000000
106500000000
106600000000
106700000000
106800000000
106900000000
107000000000
107100000000
107200000000
107300000000
107400000000
107500000000
107600000000
107700000000
107800000000
107900000000
108000000000
108100000000
108200000000
108300000000
108400000000
108500000000
108600000000
108700000000
108800000000
108900000000
109000000000
109100000000
109200000000
109300000000
109400000000
109500000000
109600000000
109700000000
109800000000
109900000000
110000000000
110100000000
110200000000
110300000000
110400000000
110500000000
110600000000
110700000000
110800000000
110900000000
111000000000
111100000000
111200000000
111300000000
111400000000
111500000000
111600000000
111700000000
111800000000
111900000000
112000000000
112100000000
112200000000
112300000000
112400000000
112500000000
112600000000
112700000000
112800000000
112900000000
113000000000
113100000000
113200000000
113300000000
113400000000
113500000000
113600000000
113700000000
113800000000
113900000000
114000000000
114100000000
114200000000
114300000000
114400000000
114500000000
114600000000
114700000000
114800000000
114900000000
115000000000
115100000000
115200000000
115300000000
115400000000
115500000000
115600000000
115700000000
115800000000
115900000000
116000000000
116100000000
116200000000
116300000000
116400000000
116500000000
116600000000
116700000000
116800000000
116900000000
117000000000
117100000000
117200000000
117300000000
117400000000
117500000000
117600000000
117700000000
117800000000
117900000000
118000000000
118100000000
118200000000
118300000000
118400000000
118500000000
118600000000
118700000000
118800000000
118900000000
119000000000
119100000000
119200000000
119300000000
119400000000
119500000000
119600000000
119700000000
119800000000
119900000000
120000000000
120100000000
120200000000
120300000000
120400000000
120500000000
120600000000
120700000000
120800000000
120900000000
121000000000
121100000000
121200000000
121300000000
121400000000
121500000000
121600000000
121700000000
121800000000
121900000000
122000000000
122100000000
122200000000
122300000000
122400000000
122500000000
122600000000
122700000000
122800000000
122900000000
123000000000
123100000000
123200000000
123300000000
123400000000
123500000000
123600000000
123700000000
123800000000
123900000000
124000000000
124100000000
124200000000
124300000000
124400000000
124500000000
124600000000
124700000000
124800000000
124900000000
125000000000
125100000000
125200000000
125300000000
125400000000
125500000000
125600000000
125700000000
125800000000
125900000000
126000000000
126100000000
126200000000
126300000000
126400000000
126500000000
126600000000
126700000000
126800000000
126900000000
127000000000
127100000000
127200000000
127300000000
127400000000
127500000000
127600000000
127700000000
127800000000
127900000000
128000000000
128100000000
128200000000
128300000000
128400000000
128500000000
128600000000
128700000000
128800000000
128900000000
129000000000
129100000000
129200000000
129300000000
129400000000
129500000000
129600000000
129700000000
129800000000
129900000000
130000000000
130100000000
130200000000
130300000000
130400000000
130500000000
130600000000
130700000000
130800000000
130900000000
131000000000
131100000000
131200000000
131300000000
131400000000
131500000000
131600000000
131700000000
131800000000
131900000000
132000000000
132100000000
132200000000
132300000000
132400000000
132500000000
132600000000
132700000000
132800000000
132900000000
133000000000
133100000000
133200000000
133300000000
133400000000
133500000000
133600000000
133700000000
133800000000
133900000000
134000000000
134100000000
134200000000
134300000000
134400000000
134500000000
134600000000
134700000000
134800000000
134900000000
135000000000
135100000000
135200000000
135300000000
135400000000
135500000000
135600000000
135700000000
135800000000
135900000000
136000000000
136100000000
136200000000
136300000000
136400000000
136500000000
136600000000
136700000000
136800000000
136900000000
137000000000
137100000000
137200000000
137300000000
137400000000
137500000000
137600000000
137700000000
137800000000
137900000000
138000000000
138100000000
138200000000
138300000000
138400000000
138500000000
138600000000
138700000000
138800000000
138900000000
139000000000
139100000000
139200000000
139300000000
139400000000
139500000000
139600000000
139700000000
139800000000
139900000000
140000000000
140100000000
140200000000
140300000000
140400000000
140500000000
140600000000
140700000000
140800000000
140900000000
141000000000
141100000000
141200000000
141300000000
141400000000
141500000000
141600000000
141700000000
141800000000
141900000000
142000000000
142100000000
142200000000
142300000000
142400000000
142500000000
142600000000
142700000000
142800000000
142900000000
143000000000
143100000000
143200000000
143300000000
143400000000
143500000000
143600000000
143700000000
143800000000
143900000000
144000000000
144100000000
144200000000
144300000000
144400000000
144500000000
144600000000
144700000000
144800000000
144900000000
145000000000
145100000000
145200000000
145300000000
145400000000
145500000000
145600000000
145700000000
145800000000
145900000000
146000000000
146100000000
146200000000
146300000000
146400000000
146500000000
146600000000
146700000000
146800000000
146900000000
147000000000
147100000000
147200000000
147300000000
147400000000
147500000000
147600000000
147700000000
147800000000
147900000000
148000000000
148100000000
148200000000
148300000000
148400000000
148500000000
148600000000
148700000000
148800000000
148900000000
149000000000
149100000000
149200000000
149300000000
149400000000
149500000000
149600000000
149700000000
149800000000
149900000000
150000000000
150100000000
150200000000
150300000000
150400000000
150500000000
150600000000
150700000000
150800000000
150900000000
151000000000
151100000000
151200000000
151300000000
151400000000
151500000000
151600000000
151700000000
151800000000
151900000000
152000000000
152100000000
152200000000
152300000000
152400000000
152500000000
152600000000
152700000000
152800000000
152900000000
153000000000
153100000000
153200000000
153300000000
153400000000
153500000000
153600000000
153700000000
153800000000
153900000000
154000000000
154100000000
154200000000
154300000000
154400000000
154500000000
154600000000
154700000000
154800000000
154900000000
155000000000
155100000000
155200000000
155300000000
155400000000
155500000000
155600000000
155700000000
155800000000
155900000000
156000000000
156100000000
156200000000
156300000000
156400000000
156500000000
156600000000
156700000000
156800000000
156900000000
157000000000
157100000000
157200000000
157300000000
157400000000
157500000000
157600000000
157700000000
157800000000
157900000000
158000000000
158100000000
158200000000
158300000000
158400000000
158500000000
158600000000
158700000000
158800000000
158900000000
159000000000
159100000000
159200000000
159300000000
159400000000
159500000000
159600000000
159700000000
159800000000
159900000000
160000000000
160100000000
160200000000
160300000000
160400000000
160500000000
160600000000
160700000000
160800000000
160900000000
161000000000
161100000000
161200000000
161300000000
161400000000
161500000000
161600000000
161700000000
161800000000
161900000000
162000000000
162100000000
162200000000
162300000000
162400000000
162500000000
162600000000
162700000000
162800000000
162900000000
163000000000
163100000000
163200000000
163300000000
163400000000
163500000000
163600000000
163700000000
163800000000
163900000000
164000000000
164100000000
164200000000
164300000000
164400000000
164500000000
164600000000
164700000000
164800000000
164900000000
165000000000
165100000000
165200000000
165300000000
165400000000
165500000000
165600000000
165700000000
165800000000
165900000000
166000000000
166100000000
166200000000
166300000000
166400000000
166500000000
166600000000
166700000000
166800000000
166900000000
167000000000
167100000000
167200000000
167300000000
167400000000
167500000000
167600000000
167700000000
167800000000
167900000000
168000000000
168100000000
168200000000
168300000000
168400000000
168500000000
168600000000
168700000000
168800000000
168900000000
169000000000
169100000000
169200000000
169300000000
169400000000
169500000000
169600000000
169700000000
169800000000
169900000000
170000000000
170100000000
170200000000
170300000000
170400000000
170500000000
170600000000
170700000000
170800000000
170900000000
171000000000
171100000000
171200000000
171300000000
171400000000
171500000000
171600000000
171700000000
171800000000
171900000000
172000000000
172100000000
172200000000
172300000000
172400000000
172500000000
172600000000
172700000000
172800000000
172900000000
173000000000
173100000000
173200000000
173300000000
173400000000
173500000000
173600000000
173700000000
173800000000
173900000000
174000000000
174100000000
174200000000
174300000000
174400000000
174500000000
174600000000
174700000000
174800000000
174900000000
175000000000
175100000000
175200000000
175300000000
175400000000
175500000000
175600000000
175700000000
175800000000
175900000000
176000000000
176100000000
176200000000
176300000000
176400000000
176500000000
176600000000
176700000000
176800000000
176900000000
177000000000
177100000000
177200000000
177300000000
177400000000
177500000000
177600000000
177700000000
177800000000
177900000000
178000000000
178100000000
178200000000
178300000000
178400000000
178500000000
178600000000
178700000000
178800000000
178900000000
179000000000
179100000000
179200000000
179300000000
179400000000
179500000000
179600000000
179700000000
179800000000
179900000000
180000000000
180100000000
180200000000
180300000000
180400000000
180500000000
180600000000
180700000000
180800000000
180900000000
181000000000
181100000000
181200000000
181300000000
181400000000
181500000000
181600000000
181700000000
181800000000
181900000000
182000000000
182100000000
182200000000
182300000000
182400000000
182500000000
182600000000
182700000000
182800000000
182900000000
183000000000
183100000000
183200000000
183300000000
183400000000
183500000000
183600000000
183700000000
183800000000
183900000000
184000000000
184100000000
184200000000
184300000000
184400000000
184500000000
184600000000
184700000000
184800000000
184900000000
185000000000
185100000000
185200000000
185300000000
185400000000
185500000000
185600000000
185700000000
185800000000
185900000000
186000000000
186100000000
186200000000
186300000000
186400000000
186500000000
186600000000
186700000000
186800000000
186900000000
187000000000
187100000000
187200000000
187300000000
187400000000
187500000000
187600000000
187700000000
187800000000
187900000000
188000000000
188100000000
188200000000
188300000000
188400000000
188500000000
188600000000
188700000000
188800000000
188900000000
189000000000
189100000000
189200000000
189300000000
189400000000
189500000000
189600000000
189700000000
189800000000
189900000000
190000000000
190100000000
190200000000
190300000000
190400000000
190500000000
190600000000
190700000000
190800000000
190900000000
191000000000
191100000000
191200000000
191300000000
191400000000
191500000000
191600000000
191700000000
191800000000
191900000000
192000000000
192100000000
192200000000
192300000000
192400000000
192500000000
192600000000
192700000000
192800000000
192900000000
193000000000
193100000000
193200000000
193300000000
193400000000
193500000000
193600000000
193700000000
193800000000
193900000000
194000000000
194100000000
194200000000
194300000000
194400000000
194500000000
194600000000
194700000000
194800000000
194900000000
195000000000
195100000000
195200000000
195300000000
195400000000
195500000000
195600000000
195700000000
195800000000
195900000000
196000000000
196100000000
196200000000
196300000000
196400000000
196500000000
196600000000
196700000000
196800000000
196900000000
197000000000
197100000000
197200000000
197300000000
197400000000
197500000000
197600000000
197700000000
197800000000
197900000000
198000000000
198100000000
198200000000
198300000000
198400000000
198500000000
198600000000
198700000000
198800000000
198900000000
199000000000
199100000000
199200000000
199300000000
199400000000
199500000000
199600000000
199700000000
199800000000
199900000000
200000000000
200100000000
200200000000
200300000000
200400000000
200500000000
200600000000
200700000000
200800000000
200900000000
201000000000
201100000000
201200000000
201300000000
201400000000
201500000000
201600000000
201700000000
201800000000
201900000000
202000000000
202100000000
202200000000
202300000000
202400000000
202500000000
202600000000
202700000000
202800000000
202900000000
203000000000
203100000000
203200000000
203300000000
203400000000
203500000000
203600000000
203700000000
203800000000
203900000000
204000000000
204100000000
204200000000
204300000000
204400000000
204500000000
204600000000
204700000000
204800000000
204900000000
205000000000
205100000000
205200000000
205300000000
205400000000
205500000000
205600000000
205700000000
205800000000
205900000000
206000000000
206100000000
206200000000
206300000000
206400000000
206500000000
206600000000
206700000000
206800000000
206900000000
207000000000
207100000000
207200000000
207300000000
207400000000
207500000000
207600000000
207700000000
207800000000
207900000000
208000000000
208100000000
208200000000
208300000000
208400000000
208500000000
208600000000
208700000000
208800000000
208900000000
209000000000
209100000000
209200000000
209300000000
209400000000
209500000000
209600000000
209700000000
209800000000
209900000000
210000000000
210100000000
210200000000
210300000000
210400000000
210500000000
210600000000
210700000000
210800000000
210900000000
211000000000
211100000000
211200000000
211300000000
211400000000
211500000000
211600000000
211700000000
211800000000
211900000000
212000000000
212100000000
212200000000
212300000000
212400000000
212500000000
212600000000
212700000000
212800000000
212900000000
213000000000
213100000000
213200000000
213300000000
213400000000
213500000000
213600000000
213700000000
213800000000
213900000000
214000000000
214100000000
214200000000
214300000000
214400000000
214500000000
214600000000
214700000000
214800000000
214900000000
215000000000
215100000000
215200000000
215300000000
215400000000
215500000000
215600000000
215700000000
215800000000
215900000000
216000000000
216100000000
216200000000
216300000000
216400000000
216500000000
216600000000
216700000000
216800000000
216900000000
217000000000
217100000000
217200000000
217300000000
217400000000
217500000000
217600000000
217700000000
217800000000
217900000000
218000000000
218100000000
218200000000
218300000000
218400000000
218500000000
218600000000
218700000000
218800000000
218900000000
219000000000
219100000000
219200000000
219300000000
219400000000
219500000000
219600000000
219700000000
219800000000
219900000000
220000000000
220100000000
220200000000
220300000000
220400000000
220500000000
220600000000
220700000000
220800000000
220900000000
221000000000
221100000000
221200000000
221300000000
221400000000
221500000000
221600000000
221700000000
221800000000
221900000000
222000000000
222100000000
222200000000
222300000000
222400000000
222500000000
222600000000
222700000000
222800000000
222900000000
223000000000
223100000000
223200000000
223300000000
223400000000
223500000000
223600000000
223700000000
223800000000
223900000000
224000000000
224100000000
224200000000
224300000000
224400000000
224500000000
224600000000
224700000000
224800000000
224900000000
225000000000
225100000000
225200000000
225300000000
225400000000
225500000000
225600000000
225700000000
225800000000
225900000000
226000000000
226100000000
226200000000
226300000000
226400000000
226500000000
226600000000
226700000000
226800000000
226900000000
227000000000
227100000000
227200000000
227300000000
227400000000
227500000000
227600000000
227700000000
227800000000
227900000000
228000000000
228100000000
228200000000
228300000000
228400000000
228500000000
228600000000
228700000000
228800000000
228900000000
229000000000
229100000000
229200000000
229300000000
229400000000
229500000000
229600000000
229700000000
229800000000
229900000000
230000000000
230100000000
230200000000
230300000000
230400000000
230500000000
230600000000
230700000000
230800000000
230900000000
231000000000
231100000000
231200000000
231300000000
231400000000
231500000000
231600000000
231700000000
231800000000
231900000000
232000000000
232100000000
232200000000
232300000000
232400000000
232500000000
232600000000
232700000000
232800000000
232900000000
233000000000
233100000000
233200000000
233300000000
233400000000
233500000000
233600000000
233700000000
233800000000
233900000000
234000000000
234100000000
234200000000
234300000000
234400000000
234500000000
234600000000
234700000000
234800000000
234900000000
235000000000
235100000000
235200000000
235300000000
235400000000
235500000000
235600000000
235700000000
235800000000
235900000000
236000000000
236100000000
236200000000
236300000000
236400000000
236500000000
236600000000
236700000000
236800000000
236900000000
237000000000
237100000000
237200000000
237300000000
237400000000
237500000000
237600000000
237700000000
237800000000
237900000000
238000000000
238100000000
238200000000
238300000000
238400000000
238500000000
238600000000
238700000000
238800000000
238900000000
239000000000
239100000000
239200000000
239300000000
239400000000
239500000000
239600000000
239700000000
239800000000
239900000000
240000000000
240100000000
240200000000
240300000000
240400000000
240500000000
240600000000
240700000000
240800000000
240900000000
241000000000
241100000000
241200000000
241300000000
241400000000
241500000000
241600000000
241700000000
241800000000
241900000000
242000000000
242100000000
242200000000
242300000000
242400000000
242500000000
242600000000
242700000000
242800000000
242900000000
243000000000
243100000000
243200000000
243300000000
243400000000
243500000000
243600000000
243700000000
243800000000
243900000000
244000000000
244100000000
244200000000
244300000000
244400000000
244500000000
244600000000
244700000000
244800000000
244900000000
245000000000
245100000000
245200000000
245300000000
245400000000
245500000000
245600000000
245700000000
245800000000
245900000000
246000000000
246100000000
246200000000
246300000000
246400000000
246500000000
246600000000
246700000000
246800000000
246900000000
247000000000
247100000000
247200000000
247300000000
247400000000
247500000000
247600000000
247700000000
247800000000
247900000000
248000000000
248100000000
248200000000
248300000000
248400000000
248500000000
248600000000
248700000000
248800000000
248900000000
249000000000
249100000000
249200000000
249300000000
249400000000
249500000000
249600000000
249700000000
249800000000
249900000000
250000000000
250100000000
250200000000
250300000000
250400000000
250500000000
250600000000
250700000000
250800000000
250900000000
251000000000
251100000000
251200000000
251300000000
251400000000
251500000000
251600000000
251700000000
251800000000
251900000000
252000000000
252100000000
252200000000
252300000000
252400000000
252500000000
252600000000
252700000000
252800000000
252900000000
253000000000
253100000000
253200000000
253300000000
253400000000
253500000000
253600000000
253700000000
253800000000
253900000000
254000000000
254100000000
254200000000
254300000000
254400000000
254500000000
254600000000
254700000000
254800000000
254900000000
255000000000
255100000000
255200000000
255300000000
255400000000
255500000000
255600000000
255700000000
255800000000
255900000000
256000000000
256100000000
256200000000
256300000000
256400000000
256500000000
256600000000
256700000000
256800000000
256900000000
257000000000
257100000000
257200000000
257300000000
257400000000
257500000000
257600000000
257700000000
257800000000
257900000000
258000000000
258100000000
258200000000
258300000000
258400000000
258500000000
258600000000
258700000000
258800000000
258900000000
259000000000
259100000000
259200000000
259300000000
259400000000
259500000000
259600000000
259700000000
259800000000
259900000000
260000000000
260100000000
260200000000
260300000000
260400000000
260500000000
260600000000
260700000000
260800000000
260900000000
261000000000
261100000000
261200000000
261300000000
261400000000
261500000000
261600000000
261700000000
261800000000
261900000000
262000000000
262100000000
262200000000
262300000000
262400000000
262500000000
262600000000
262700000000
262800000000
262900000000
263000000000
263100000000
263200000000
263300000000
263400000000
263500000000
263600000000
263700000000
263800000000
263900000000
264000000000
264100000000
264200000000
264300000000
264400000000
264500000000
264600000000
264700000000
264800000000
264900000000
265000000000
265100000000
265200000000
265300000000
265400000000
265500000000
265600000000
265700000000
265800000000
265900000000
266000000000
266100000000
266200000000
266300000000
266400000000
266500000000
266600000000
266700000000
266800000000
266900000000
267000000000
267100000000
267200000000
267300000000
267400000000
267500000000
267600000000
267700000000
267800000000
267900000000
268000000000
268100000000
268200000000
268300000000
268400000000
268500000000
268600000000
268700000000
268800000000
268900000000
269000000000
269100000000
269200000000
269300000000
269400000000
269500000000
269600000000
269700000000
269800000000
269900000000
270000000000
270100000000
270200000000
270300000000
270400000000
270500000000
270600000000
270700000000
270800000000
270900000000
271000000000
271100000000
271200000000
271300000000
271400000000
271500000000
271600000000
271700000000
271800000000
271900000000
272000000000
272100000000
272200000000
272300000000
272400000000
272500000000
272600000000
272700000000
272800000000
272900000000
273000000000
273100000000
273200000000
273300000000
273400000000
273500000000
273600000000
273700000000
273800000000
273900000000
274000000000
274100000000
274200000000
274300000000
274400000000
274500000000
274600000000
274700000000
274800000000
274900000000
275000000000
275100000000
275200000000
275300000000
275400000000
275500000000
275600000000
275700000000
275800000000
275900000000
276000000000
276100000000
276200000000
276300000000
276400000000
276500000000
276600000000
276700000000
276800000000
276900000000
277000000000
277100000000
277200000000
277300000000
277400000000
277500000000
277600000000
277700000000
277800000000
277900000000
278000000000
278100000000
278200000000
278300000000
278400000000
278500000000
278600000000
278700000000
278800000000
278900000000
279000000000
279100000000
279200000000
279300000000
279400000000
279500000000
279600000000
279700000000
279800000000
279900000000
280000000000
280100000000
280200000000
280300000000
280400000000
280500000000
280600000000
280700000000
280800000000
280900000000
281000000000
281100000000
281200000000
281300000000
281400000000
281500000000
281600000000
281700000000
281800000000
281900000000
282000000000
282100000000
282200000000
282300000000
282400000000
282500000000
282600000000
282700000000
282800000000
282900000000
283000000000
283100000000
283200000000
283300000000
283400000000
283500000000
283600000000
283700000000
283800000000
283900000000
284000000000
284100000000
284200000000
284300000000
284400000000
284500000000
284600000000
284700000000
284800000000
284900000000
285000000000
285100000000
285200000000
285300000000
285400000000
285500000000
285600000000
285700000000
285800000000
285900000000
286000000000
286100000000
286200000000
286300000000
286400000000
286500000000
286600000000
286700000000
286800000000
286900000000
287000000000
287100000000
287200000000
287300000000
287400000000
287500000000
287600000000
287700000000
287800000000
287900000000
288000000000
288100000000
288200000000
288300000000
288400000000
288500000000
288600000000
288700000000
288800000000
288900000000
289000000000
289100000000
289200000000
289300000000
289400000000
289500000000
289600000000
289700000000
289800000000
289900000000
290000000000
290100000000
290200000000
290300000000
290400000000
290500000000
290600000000
290700000000
290800000000
290900000000
291000000000
291100000000
291200000000
291300000000
291400000000
291500000000
291600000000
291700000000
291800000000
291900000000
292000000000
292100000000
292200000000
292300000000
292400000000
292500000000
292600000000
292700000000
292800000000
292900000000
293000000000
293100000000
293200000000
293300000000
293400000000
293500000000
293600000000
293700000000
293800000000
293900000000
294000000000
294100000000
294200000000
294300000000
294400000000
294500000000
294600000000
294700000000
294800000000
294900000000
295000000000
295100000000
295200000000
295300000000
295400000000
295500000000
295600000000
295700000000
295800000000
295900000000
296000000000
296100000000
296200000000
296300000000
296400000000
296500000000
296600000000
296700000000
296800000000
296900000000
297000000000
297100000000
297200000000
297300000000
297400000000
297500000000
297600000000
297700000000
297800000000
297900000000
298000000000
298100000000
298200000000
298300000000
298400000000
298500000000
298600000000
298700000000
298800000000
298900000000
299000000000
299100000000
299200000000
299300000000
299400000000
299500000000
299600000000
299700000000
299800000000
299900000000
300000000000
300100000000
300200000000
300300000000
300400000000
300500000000
300600000000
300700000000
300800000000
300900000000
301000000000
301100000000
301200000000
301300000000
301400000000
301500000000
301600000000
301700000000
301800000000
301900000000
302000000000
302100000000
302200000000
302300000000
302400000000
302500000000
302600000000
302700000000
302800000000
302900000000
303000000000
303100000000
303200000000
303300000000
303400000000
303500000000
303600000000
303700000000
303800000000
303900000000
304000000000
304100000000
304200000000
304300000000
304400000000
304500000000
304600000000
304700000000
304800000000
304900000000
305000000000
305100000000
305200000000
305300000000
305400000000
305500000000
305600000000
305700000000
305800000000
305900000000
306000000000
306100000000
306200000000
306300000000
306400000000
306500000000
306600000000
306700000000
306800000000
306900000000
307000000000
307100000000
307200000000
307300000000
307400000000
307500000000
307600000000
307700000000
307800000000
307900000000
308000000000
308100000000
308200000000
308300000000
308400000000
308500000000
308600000000
308700000000
308800000000
308900000000
309000000000
309100000000
309200000000
309300000000
309400000000
309500000000
309600000000
309700000000
309800000000
309900000000
310000000000
310100000000
310200000000
310300000000
310400000000
310500000000
310600000000
310700000000
310800000000
310900000000
311000000000
311100000000
311200000000
311300000000
311400000000
311500000000
311600000000
311700000000
311800000000
311900000000
312000000000
312100000000
312200000000
312300000000
312400000000
312500000000
312600000000
312700000000
312800000000
312900000000
313000000000
313100000000
313200000000
313300000000
313400000000
313500000000
313600000000
313700000000
313800000000
313900000000
314000000000
314100000000
314200000000
314300000000
314400000000
314500000000
314600000000
314700000000
314800000000
314900000000
315000000000
315100000000
315200000000
315300000000
315400000000
315500000000
315600000000
315700000000
315800000000
315900000000
316000000000
316100000000
316200000000
316300000000
316400000000
316500000000
316600000000
316700000000
316800000000
316900000000
317000000000
317100000000
317200000000
317300000000
317400000000
317500000000
317600000000
317700000000
317800000000
317900000000
318000000000
318100000000
318200000000
318300000000
318400000000
318500000000
318600000000
318700000000
318800000000
318900000000
319000000000
319100000000
319200000000
319300000000
319400000000
319500000000
319600000000
319700000000
319800000000
319900000000
320000000000
320100000000
320200000000
320300000000
320400000000
320500000000
320600000000
320700000000
320800000000
320900000000
321000000000
321100000000
321200000000
321300000000
321400000000
321500000000
321600000000
321700000000
321800000000
321900000000
322000000000
322100000000
322200000000
322300000000
322400000000
322500000000
322600000000
322700000000
322800000000
322900000000
323000000000
323100000000
323200000000
323300000000
323400000000
323500000000
323600000000
323700000000
323800000000
323900000000
324000000000
324100000000
324200000000
324300000000
324400000000
324500000000
324600000000
324700000000
324800000000
324900000000
325000000000
325100000000
325200000000
325300000000
325400000000
325500000000
325600000000
325700000000
325800000000
325900000000
326000000000
326100000000
326200000000
326300000000
326400000000
326500000000
326600000000
326700000000
326800000000
326900000000
327000000000
327100000000
327200000000
327300000000
327400000000
327500000000
327600000000
327700000000
327800000000
327900000000
328000000000
328100000000
328200000000
328300000000
328400000000
328500000000
328600000000
328700000000
328800000000
328900000000
329000000000
329100000000
329200000000
329300000000
329400000000
329500000000
329600000000
329700000000
329800000000
329900000000
330000000000
330100000000
330200000000
330300000000
330400000000
330500000000
330600000000
330700000000
330800000000
330900000000
331000000000
331100000000
331200000000
331300000000
331400000000
331500000000
331600000000
331700000000
331800000000
331900000000
332000000000
332100000000
332200000000
332300000000
332400000000
332500000000
332600000000
332700000000
332800000000
332900000000
333000000000
333100000000
333200000000
333300000000
333400000000
333500000000
333600000000
333700000000
333800000000
333900000000
334000000000
334100000000
334200000000
334300000000
334400000000
334500000000
334600000000
334700000000
334800000000
334900000000
335000000000
335100000000
335200000000
335300000000
335400000000
335500000000
335600000000
335700000000
335800000000
335900000000
336000000000
336100000000
336200000000
336300000000
336400000000
336500000000
336600000000
336700000000
336800000000
336900000000
337000000000
337100000000
337200000000
337300000000
337400000000
337500000000
337600000000
337700000000
337800000000
337900000000
338000000000
338100000000
338200000000
338300000000
338400000000
338500000000
338600000000
338700000000
338800000000
338900000000
339000000000
339100000000
339200000000
339300000000
339400000000
339500000000
339600000000
339700000000
339800000000
339900000000
340000000000
340100000000
340200000000
340300000000
340400000000
340500000000
340600000000
340700000000
340800000000
340900000000
341000000000
341100000000
341200000000
341300000000
341400000000
341500000000
341600000000
341700000000
341800000000
341900000000
342000000000
342100000000
342200000000
342300000000
342400000000
342500000000
342600000000
342700000000
342800000000
342900000000
343000000000
343100000000
343200000000
343300000000
343400000000
343500000000
343600000000
343700000000
343800000000
343900000000
344000000000
344100000000
344200000000
344300000000
344400000000
344500000000
344600000000
344700000000
344800000000
344900000000
345000000000
345100000000
345200000000
345300000000
345400000000
345500000000
345600000000
345700000000
345800000000
345900000000
346000000000
346100000000
346200000000
346300000000
346400000000
346500000000
346600000000
346700000000
346800000000
346900000000
347000000000
347100000000
347200000000
347300000000
347400000000
347500000000
347600000000
347700000000
347800000000
347900000000
348000000000
348100000000
348200000000
348300000000
348400000000
348500000000
348600000000
348700000000
348800000000
348900000000
349000000000
349100000000
349200000000
349300000000
349400000000
349500000000
349600000000
349700000000
349800000000
349900000000
350000000000
350100000000
350200000000
350300000000
350400000000
350500000000
350600000000
350700000000
350800000000
350900000000
351000000000
351100000000
351200000000
351300000000
351400000000
351500000000
351600000000
351700000000
351800000000
351900000000
352000000000
352100000000
352200000000
352300000000
352400000000
352500000000
352600000000
352700000000
352800000000
352900000000
353000000000
353100000000
353200000000
353300000000
353400000000
353500000000
353600000000
353700000000
